CHROM	MINBP	MAXBP	GENE
22	17084954	17115693	IL17RA
22	17137511	17165287	HDHD5
22	17563450	17590995	SLC25A18
22	17592136	17628749	ATP6V1E1
22	17628855	17730855	BCL2L13
22	17734138	17774770	BID
22	17787649	18024561	MICAL3
22	18077923	18105396	PEX26
22	18150118	18177397	USP18
22	18527802	18530573	TMEM191B
22	18906028	18914238	DGCR6
22	19036282	19122454	DGCR2
22	19175581	19178739	SLC25A1
22	19179473	19291719	CLTCL1
22	19330698	19447450	HIRA
22	19351368	19447711	C22orf39
22	19432545	19436075	MRPL40
22	19479457	19520612	CDC45
22	19523024	19527545	CLDN5
22	19783223	19854939	GNB1L
22	19875517	19941820	TXNRD2
22	19941371	19969975	COMT
22	19969896	20016823	ARVCF
22	20017014	20067164	TANGO2
22	20080221	20111877	DGCR8
22	20111875	20117392	TRMT2A
22	20115938	20127355	RANBP1
22	20129456	20148007	ZDHHC8
22	20241415	20283246	RTN4R
22	20314238	20320080	DGCR6L
22	20394115	20408461	ZNF74
22	20424584	20437826	SCARF2
22	20441519	20495844	KLHL22
22	20495913	20587632	MED15
22	20707691	20859417	PI4KA
22	20859007	20891214	SNAP29
22	20917407	20953747	CRKL
22	20965108	20981360	AIFM3
22	20982269	20999032	LZTR1
22	20999104	21002196	THAP7
22	21417371	21451463	HIC2
22	21466423	21471269	TMEM191C
22	21549447	21624034	UBE2L3
22	21628089	21630064	YDJC
22	21632716	21637329	CCDC116
22	21642302	21644299	SDF2L1
22	21666000	21700015	PPIL2
22	21697536	21735794	YPEL1
22	21759657	21867680	MAPK1
22	21919425	21952848	PPM1F
22	21957025	21982813	TOP3B
22	22484421	22508742	ZNF280B
22	23059415	23145021	RSPH14
22	23070519	23125032	GNAZ
22	23145366	23165663	RAB36
22	23179704	23318037	BCR
22	23608452	23632321	DRICH1
22	23688136	23699176	RGL4
22	23738682	23751112	ZNF70
22	23752743	23754425	VPREB3
22	23765834	23767972	CHCHD10
22	23768226	23784316	MMP11
22	23786931	23838009	SMARCB1
22	23834503	23839128	DERL3
22	23856703	23886312	SLC2A11
22	23966888	23972556	DDTL
22	23970542	23980525	DDT
22	24011192	24178628	CABIN1
22	24181487	24189106	SUSD2
22	24219654	24245108	GGT5
22	24270817	24417739	SPECC1L
22	24417879	24442357	ADORA2A
22	24494107	24528390	UPB1
22	24540423	24555935	GUCD1
22	24555958	24582052	SNRPD3
22	24585620	24593208	LRRC75B
22	24594811	24629005	GGT1
22	24806169	24927578	SGSM1
22	24952716	25197448	KIAA1671
22	25564675	25729294	GRK3
22	25742144	26031045	MYO18B
22	26169462	26383597	SEZ6L
22	26429260	26445015	ASPHD2
22	26443107	26483931	HPS4
22	26483877	26494658	SRRD
22	26491225	26512505	TFIP11
22	26521996	26596717	TPST2
22	27748277	27801756	MN1
22	27851669	27920134	PITPNB
22	27978014	28679840	TTC28
22	28687743	28742422	CHEK2
22	28742039	28757515	HSCB
22	28772674	28789301	CCDC117
22	28794555	28800597	XBP1
22	28883572	29057488	ZNRF3
22	29073035	29168333	KREMEN1
22	29205896	29259597	EMID1
22	29259872	29268209	RHBDD3
22	29268009	29300525	EWSR1
22	29306618	29312787	GAS2L1
22	29312933	29319679	RASL10A
22	29327680	29388583	AP1B1
22	29480218	29491390	NEFH
22	29505879	29555216	THOC5
22	29554808	29581327	NIPSNAP1
22	29603556	29698598	NF2
22	29720003	29731833	CABP7
22	29730956	29767011	ZMAT5
22	29767369	29770413	UQCR10
22	29788609	29838304	ASCC2
22	29883169	30030868	MTMR3
22	30240453	30246759	LIF
22	30262829	30266851	OSM
22	30291990	30326947	TBC1D10A
22	30331988	30356919	SF3A1
22	30356635	30378673	CCDC157
22	30368811	30421771	RNF215
22	30396941	30425303	SEC14L2
22	30425623	30429054	MTFP1
22	30488902	30505711	SEC14L4
22	30576625	30607083	PES1
22	30607003	30627271	TCN2
22	30635781	30669016	SLC35E4
22	30652051	30667887	DUSP18
22	30693782	30907824	OSBP2
22	30925130	30968774	MORC2
22	30969245	30979395	TUG1
22	31064105	31104757	SMTN
22	31104772	31120069	SELENOM
22	31122731	31134697	INPP5J
22	31160182	31207019	RNF185
22	31212239	31280080	LIMK2
22	31281594	31292534	PIK3IP1
22	31325804	31346346	PATZ1
22	31399604	31530634	DRG1
22	31436977	31496108	EIF4ENIF1
22	31488688	31618588	SFI1
22	31618491	31662221	PISD
22	31676256	31750140	PRR14L
22	31753867	31908033	DEPDC5
22	31944522	31957603	YWHAH
22	32190435	32205073	RFPL2
22	32387582	32412248	RTCB
22	32474676	32498829	FBXO7
22	32801705	32863041	TIMP3
22	33162226	33922841	LARGE1
22	35257452	35295807	HMGXB4
22	35299275	35347992	TOM1
22	35380361	35394214	HMOX1
22	35400134	35425431	MCM5
22	35606764	35637951	MB
22	35648446	35668404	APOL6
22	35738736	36028824	RBFOX2
22	36140329	36166177	APOL3
22	36189124	36204840	APOL4
22	36226209	36239954	APOL2
22	36253071	36267530	APOL1
22	36281280	36388010	MYH9
22	36467046	36481640	TXN2
22	36487190	36507221	FOXRED2
22	36510855	36529184	EIF3D
22	36758202	36776256	IFT27
22	36800684	36819479	PVALB
22	36860988	36878017	NCF4
22	36913628	36940439	CSF2RB
22	37010859	37020183	TST
22	37019635	37029821	MPST
22	37051739	37063390	KCTD17
22	37065436	37109713	TMPRSS6
22	37118666	37175118	IL2RB
22	37180166	37199385	C1QTNF6
22	37204237	37212477	SSTR3
22	37225270	37259594	RAC2
22	37282027	37315341	CYTH4
22	37469063	37486393	MFNG
22	37490362	37519542	CARD10
22	37560480	37569405	CDC42EP1
22	37570248	37582616	LGALS2
22	37608725	37633564	GGA1
22	37634654	37656117	SH3BP1
22	37658723	37666932	PDXP
22	37675636	37679802	LGALS1
22	37681673	37693476	NOL12
22	37697048	37776556	TRIOBP
22	37807905	37817176	GCAT
22	37830855	37849327	ANKRD54
22	37848868	37889407	EIF3L
22	37905657	37942822	MICALL1
22	38056311	38075701	PICK1
22	38084652	38111015	BAIAP2L2
22	38111495	38214778	PLA2G6
22	38200767	38216507	MAFF
22	38219291	38273010	TMEM184B
22	38290691	38318084	CSNK1E
22	38468078	38483447	KDELR3
22	38483438	38507660	DDX17
22	38656636	38673854	CBY1
22	38681957	38685421	TOMM22
22	38685543	38701556	JOSD1
22	38705742	38738299	GTPBP1
22	38733290	38794143	SUN2
22	38778508	38794198	DNAL4
22	38818452	38844028	NPTXR
22	38861422	38872249	CBX6
22	38952741	38992778	APOBEC3A
22	38982347	38992804	APOBEC3B
22	39014257	39020352	APOBEC3C
22	39021113	39033277	APOBEC3D
22	39040604	39055972	APOBEC3F
22	39077067	39087743	APOBEC3G
22	39097224	39104067	APOBEC3H
22	39120167	39152680	CBX7
22	39223359	39244982	PDGFB
22	39312882	39320389	RPL3
22	39349925	39385575	SYNGR1
22	39399778	39437060	TAB1
22	39457012	39492194	MGAT3
22	39499432	39518132	MIEF1
22	39519695	39522683	ATF4
22	39529093	39532761	RPS19BP1
22	39570753	39689735	CACNA1I
22	39901084	39973721	GRAP2
22	39994954	40043534	FAM83F
22	40044817	40335808	TNRC6B
22	40346461	40390463	ADSL
22	40370591	40410289	SGSM3
22	40769630	40819399	SLC25A17
22	40824535	40856639	ST13
22	40857077	40932815	XPNPEP3
22	40951347	40973309	RBX1
22	41092592	41180077	EP300
22	41205282	41231271	L3MBTL2
22	41229510	41240931	CHADL
22	41244779	41286187	RANGAP1
22	41301525	41360147	ZC3H7B
22	41367333	41399326	TEF
22	41433494	41446801	TOB2
22	41447830	41529273	ACO2
22	41459717	41468692	PHF5A
22	41525799	41544606	POLR3H
22	41561010	41577741	CSDC2
22	41576900	41589871	PMM1
22	41598028	41621043	DESI1
22	41621163	41664048	XRCC6
22	41673933	41690504	SNU13
22	41699503	41799456	MEI1
22	41800679	41832164	CCDC134
22	41833079	41907307	SREBF2
22	41909543	41915074	SHISA8
22	41922032	41926806	TNFRSF13C
22	41938737	41947152	CENPM
22	41998725	42058456	WBP2NL
22	42058334	42070842	NAGA
22	42079691	42084284	SMDT1
22	42085526	42090884	NDUFA6
22	42126499	42130865	CYP2D6
22	42160013	42343616	TCF20
22	42380407	42432403	NFAM1
22	42508344	42519796	RRP7A
22	42553617	42574382	SERHL2
22	42583721	42614962	POLDIP3
22	42615730	42720870	CYB5R3
22	42692121	42721298	A4GALT
22	42796502	42858106	ARFGAP3
22	42835412	43015149	PACSIN2
22	43039516	43089419	TTLL1
22	43110750	43129712	BIK
22	43132209	43143398	MCAT
22	43151547	43163242	TSPO
22	43166622	43187134	TTLL12
22	43197280	43343372	SCUBE1
22	43955442	44010531	SAMM50
22	43999211	44172939	PARVB
22	44172956	44219533	PARVG
22	44668547	44737681	PRR5
22	44752558	44862788	ARHGAP8
22	45163925	45188017	NUP50
22	45192244	45240894	KIAA0930
22	45284949	45295874	UPK3A
22	45308968	45341955	FAM118A
22	45502238	45601135	FBLN1
22	45671798	45845307	ATXN10
22	46150521	46243755	PPARA
22	46244011	46250311	CDPF1
22	46267961	46294008	TTC38
22	46296870	46330810	GTSE1
22	46330875	46357340	TRMU
22	46360834	46537620	CELSR1
22	46576012	46679790	GRAMD4
22	46684410	46738252	CERK
22	46762617	47175699	TBC1D22A
22	49773283	49827873	BRD1
22	49853844	49890080	ZBED4
22	49900229	49918438	ALG12
22	49918167	49927540	CRELD2
22	49960768	49964072	PIM3
22	50059391	50085426	MLC1
22	50170731	50180295	PANX2
22	50185913	50199598	TRABD
22	50201011	50217616	SELENOO
22	50217689	50245023	TUBGCP6
22	50245183	50251405	HDAC10
22	50245450	50261716	MAPK12
22	50263713	50270767	MAPK11
22	50274979	50307646	PLXNB2
22	50309030	50327012	DENND6B
22	50343304	50445090	PPP6R2
22	50443219	50483923	SBF1
22	50481543	50486440	ADM2
22	50502949	50507702	LMF2
22	50508224	50524780	NCAPH2
22	50523568	50526461	SCO2
22	50525752	50530032	TYMP
22	50529710	50532506	ODF3B
22	50545899	50551023	KLHDC7B
22	50568861	50578465	CPT1B
22	50578959	50601455	CHKB
22	50600793	50613981	MAPK8IP2
22	50622754	50628173	ARSA
22	50674415	50733212	SHANK3
22	50767501	50783667	RABL2B
